version https://git-lfs.github.com/spec/v1
oid sha256:61ffa43dd303434fd3873f20b4a5f969e162615de4727594c5725953064fedb1
size 276470
