version https://git-lfs.github.com/spec/v1
oid sha256:ae87f4d358aa9613f3e3d6ff445275dae31b4fc752c5db0bfc0223d99eef1a75
size 263971
